BUBBLE SORT


Original data: [12 23 18 0 7 4 16 6 21 17 14 24 10 22 13 2 1 20 19 8 15 9 5 11 3]

Iteration: 1, Swaps: 22, Data: [12 18 0 7 4 16 6 21 17 14 23 10 22 13 2 1 20 19 8 15 9 5 11 3 24]
Iteration: 2, Swaps: 20, Data: [12 0 7 4 16 6 18 17 14 21 10 22 13 2 1 20 19 8 15 9 5 11 3 23 24]
Iteration: 3, Swaps: 18, Data: [0 7 4 12 6 16 17 14 18 10 21 13 2 1 20 19 8 15 9 5 11 3 22 23 24]
Iteration: 4, Swaps: 15, Data: [0 4 7 6 12 16 14 17 10 18 13 2 1 20 19 8 15 9 5 11 3 21 22 23 24]
Iteration: 5, Swaps: 13, Data: [0 4 6 7 12 14 16 10 17 13 2 1 18 19 8 15 9 5 11 3 20 21 22 23 24]
Iteration: 6, Swaps: 10, Data: [0 4 6 7 12 14 10 16 13 2 1 17 18 8 15 9 5 11 3 19 20 21 22 23 24]
Iteration: 7, Swaps: 10, Data: [0 4 6 7 12 10 14 13 2 1 16 17 8 15 9 5 11 3 18 19 20 21 22 23 24]
Iteration: 8, Swaps: 10, Data: [0 4 6 7 10 12 13 2 1 14 16 8 15 9 5 11 3 17 18 19 20 21 22 23 24]
Iteration: 9, Swaps: 8, Data: [0 4 6 7 10 12 2 1 13 14 8 15 9 5 11 3 16 17 18 19 20 21 22 23 24]
Iteration: 10, Swaps: 7, Data: [0 4 6 7 10 2 1 12 13 8 14 9 5 11 3 15 16 17 18 19 20 21 22 23 24]
Iteration: 11, Swaps: 7, Data: [0 4 6 7 2 1 10 12 8 13 9 5 11 3 14 15 16 17 18 19 20 21 22 23 24]
Iteration: 12, Swaps: 7, Data: [0 4 6 2 1 7 10 8 12 9 5 11 3 13 14 15 16 17 18 19 20 21 22 23 24]
Iteration: 13, Swaps: 7, Data: [0 4 2 1 6 7 8 10 9 5 11 3 12 13 14 15 16 17 18 19 20 21 22 23 24]
Iteration: 14, Swaps: 5, Data: [0 2 1 4 6 7 8 9 5 10 3 11 12 13 14 15 16 17 18 19 20 21 22 23 24]
Iteration: 15, Swaps: 3, Data: [0 1 2 4 6 7 8 5 9 3 10 11 12 13 14 15 16 17 18 19 20 21 22 23 24]
Iteration: 16, Swaps: 2, Data: [0 1 2 4 6 7 5 8 3 9 10 11 12 13 14 15 16 17 18 19 20 21 22 23 24]
Iteration: 17, Swaps: 2, Data: [0 1 2 4 6 5 7 3 8 9 10 11 12 13 14 15 16 17 18 19 20 21 22 23 24]
Iteration: 18, Swaps: 2, Data: [0 1 2 4 5 6 3 7 8 9 10 11 12 13 14 15 16 17 18 19 20 21 22 23 24]
Iteration: 19, Swaps: 1, Data: [0 1 2 4 5 3 6 7 8 9 10 11 12 13 14 15 16 17 18 19 20 21 22 23 24]
Iteration: 20, Swaps: 1, Data: [0 1 2 4 3 5 6 7 8 9 10 11 12 13 14 15 16 17 18 19 20 21 22 23 24]
Iteration: 21, Swaps: 1, Data: [0 1 2 3 4 5 6 7 8 9 10 11 12 13 14 15 16 17 18 19 20 21 22 23 24]
Iteration: 22, Swaps: 0, Data: [0 1 2 3 4 5 6 7 8 9 10 11 12 13 14 15 16 17 18 19 20 21 22 23 24]

Sorted data: [0 1 2 3 4 5 6 7 8 9 10 11 12 13 14 15 16 17 18 19 20 21 22 23 24]
Sorted in 22 iterations.
